0	0	0	0	0	0	0	0	0	0	0	0	0	0	0	0	0	0	0	0	0	0	0	0	0	0	0	0	0	0	0	0	0	0	0	0	0	0	0	0	0	0	0	0	0	0	0	0	0	0	0	0	0	0	0	0	0	0	0	0	0	0	0	0	0	0	0	0	0	0	0	0	0	0	0	0	0	0	0	0	0	0	0	0	0	0	0	0	0	0	0	0	0	0	0	0	0	0	0	0	0	
0.01	7	11	23	5	12	11	6	8	9	4	3	37	35	10	4	4	8	19	10	31	10	17	13	14	3	33	40	26	6	58	4	34	17	6	24	11	31	33	4	5	14	45	5	17	17	9	23	7	4	12	76	25	6	6	34	9	4	17	4	5	9	15	17	13	5	7	4	5	22	4	31	3	12	19	10	5	12	4	5	4	7	3	9	29	6	19	49	43	47	6	8	15	9	12	23	9	7	15	6	4	
0.02	6	8	5	5	6	18	11	7	16	18	17	7	39	4	8	7	19	19	17	29	4	12	18	26	37	15	23	25	10	17	12	5	7	8	43	8	41	5	6	9	11	31	12	20	16	7	8	47	14	6	8	22	25	44	39	12	25	7	9	8	25	7	25	6	4	31	21	18	8	15	35	20	8	15	33	12	17	9	23	18	8	14	34	7	15	11	37	36	20	38	13	27	25	7	17	23	10	8	18	9	
0.03	8	8	7	50	7	16	17	63	10	3	14	10	15	26	7	14	99	5	40	12	13	66	39	8	6	59	14	6	10	7	9	24	11	36	10	10	13	3	8	15	52	4	42	44	47	5	6	5	9	14	12	4	17	8	25	5	35	16	15	31	15	20	40	51	9	46	43	11	5	28	12	71	5	34	10	7	10	12	14	77	31	17	27	21	25	8	30	5	30	18	25	4	19	21	13	21	26	17	6	8	
0.04	21	15	19	18	10	23	26	10	13	16	20	7	52	26	12	19	16	18	39	7	15	11	19	24	20	29	14	7	20	21	11	21	14	10	13	11	20	23	22	10	26	31	22	46	8	47	39	10	18	24	34	19	64	21	14	12	51	11	54	16	26	23	14	34	37	86	20	46	17	25	12	11	9	23	31	7	34	53	10	6	40	15	14	12	28	15	23	41	15	23	35	20	5	30	11	13	16	29	41	36	
0.05	30	30	12	48	23	25	87	31	18	11	9	25	34	13	29	18	24	29	27	46	10	56	22	25	35	16	33	34	36	7	20	21	37	6	41	15	23	20	6	11	42	19	25	27	19	24	26	32	6	19	30	45	16	8	18	21	14	10	18	31	20	16	16	43	9	15	10	27	13	10	9	35	32	52	48	19	11	7	57	12	15	26	26	14	14	43	14	11	21	32	56	9	26	40	16	14	17	25	43	13	
0.06	19	35	9	20	8	10	13	33	10	21	48	23	6	11	11	17	11	16	17	10	39	10	24	11	13	22	10	20	26	28	18	11	18	9	46	9	25	21	19	25	20	8	17	14	14	26	58	11	9	48	28	19	21	12	6	4	16	25	21	32	12	13	30	5	15	35	16	15	7	13	26	35	38	19	5	29	24	10	28	18	19	6	6	9	16	24	39	22	21	13	13	44	45	15	15	35	33	22	15	15	
0.07	5	7	5	4	9	29	23	28	32	23	25	15	6	21	23	18	16	11	7	27	10	5	14	10	11	20	21	13	10	15	9	24	28	5	35	24	17	21	38	13	12	20	4	13	17	9	10	25	29	19	5	11	3	10	12	17	10	7	49	23	7	12	22	10	17	11	19	6	7	7	10	7	11	3	44	25	20	6	37	13	6	16	9	10	5	20	6	38	27	19	9	6	11	4	20	5	23	9	32	12	
0.08	9	16	5	17	7	12	8	11	8	9	6	10	29	11	6	7	6	9	5	5	8	8	19	7	7	22	20	7	8	12	6	7	11	5	24	15	9	9	3	14	11	5	15	7	8	7	12	7	7	3	9	45	8	4	4	8	7	17	7	3	8	16	9	9	19	5	4	18	11	20	34	10	7	7	10	7	12	5	21	14	7	3	11	25	4	12	17	17	4	13	7	11	7	3	6	13	8	4	9	7	
0.09	10	17	6	8	6	8	8	14	17	13	12	19	25	12	14	9	29	11	17	5	10	13	4	5	8	7	5	17	7	9	9	5	5	13	12	10	6	7	25	11	20	5	20	16	5	6	13	11	17	11	6	7	6	11	14	13	13	12	10	8	6	13	6	10	11	3	9	14	13	11	15	17	8	6	5	18	5	12	19	31	5	6	29	10	10	6	7	7	23	9	19	13	10	15	8	5	9	17	34	14	
0.1	9	33	7	9	20	8	11	5	16	14	11	35	15	7	14	16	9	6	12	6	5	9	6	9	8	7	9	4	15	12	5	5	9	6	6	11	17	14	6	21	6	10	9	19	10	19	7	11	11	23	7	9	5	25	13	7	11	20	6	10	6	12	6	4	5	6	4	9	13	9	5	29	8	9	18	3	10	7	19	8	9	15	3	27	8	14	8	7	7	9	6	7	19	11	5	9	15	4	7	11	
0.11	10	5	5	5	31	11	23	4	4	8	6	5	3	5	10	7	10	12	11	8	13	13	12	11	17	5	5	11	6	24	9	7	10	16	13	4	8	5	14	21	18	5	8	6	10	10	14	5	9	17	8	19	7	9	7	4	8	7	6	10	7	9	21	5	12	11	6	5	11	11	5	11	14	5	9	6	8	7	20	8	27	14	10	7	7	19	12	8	10	7	9	10	11	9	14	29	4	11	5	9	
0.12	5	7	11	4	11	7	7	12	15	7	5	5	11	15	13	4	9	7	5	10	7	14	4	24	7	11	5	6	18	9	7	14	4	7	3	3	16	22	5	6	7	5	16	5	4	7	17	11	6	9	8	25	10	5	7	12	8	7	7	10	13	9	30	16	12	9	5	14	7	8	10	12	7	5	8	8	37	6	9	10	9	27	23	5	18	9	4	6	9	4	5	7	13	10	6	11	7	7	14	13	
0.13	22	3	15	15	10	29	7	4	4	7	5	6	9	4	21	12	14	6	8	11	8	12	5	16	5	5	5	5	28	5	15	15	25	13	6	7	13	10	6	17	29	9	5	5	6	7	19	7	5	4	5	19	8	6	7	11	13	5	39	14	5	7	20	12	5	4	10	15	23	6	13	3	20	7	3	11	6	14	3	5	4	5	11	3	8	9	3	6	5	16	17	7	3	8	13	10	6	18	3	5	
0.14	14	12	15	6	13	4	4	4	8	7	2	4	15	6	3	22	13	3	4	6	4	3	8	5	7	6	4	12	3	14	5	10	5	5	5	17	14	2	17	5	8	25	8	13	10	14	4	6	11	9	13	5	5	3	4	7	3	10	2	4	3	4	6	17	10	4	6	3	5	24	8	3	4	11	13	4	16	2	6	8	9	5	20	6	7	5	3	10	11	9	3	3	9	2	19	16	3	2	8	12	
0.15	19	8	6	4	7	6	5	6	4	6	14	32	7	14	7	9	27	4	3	12	6	3	3	3	2	3	8	11	10	17	6	5	9	11	8	8	27	3	5	4	16	5	12	11	13	8	5	7	7	9	5	6	3	11	13	8	5	4	11	11	12	12	13	3	3	21	4	30	4	15	7	6	11	11	6	4	14	16	6	7	15	9	5	17	12	4	5	6	14	7	7	2	5	7	6	8	9	12	8	6	
0.16	9	9	10	8	6	18	4	2	8	3	4	14	19	6	8	24	8	17	2	6	3	7	9	6	13	7	11	7	12	11	15	4	17	8	5	10	3	5	5	4	20	4	5	9	6	9	5	8	2	4	4	22	3	8	6	11	2	10	7	6	11	10	4	7	14	10	7	3	13	9	4	2	7	13	3	6	6	6	3	6	4	2	6	7	6	9	17	9	8	4	5	14	11	4	2	3	5	3	8	8	
0.17	5	4	8	9	6	5	5	24	3	3	5	6	9	5	11	10	7	11	3	5	4	4	3	4	15	8	6	8	7	4	12	8	9	5	3	3	13	9	8	7	9	10	7	11	8	9	11	7	7	6	9	4	2	16	3	6	13	13	7	5	10	7	7	7	12	8	7	13	21	8	3	7	4	14	4	6	8	2	8	8	8	18	7	6	7	6	2	5	20	13	3	9	10	2	6	7	17	12	4	5	
0.18	5	6	18	7	4	8	15	9	9	14	9	6	6	11	6	3	8	4	4	16	9	9	12	4	7	5	5	4	4	5	8	4	3	6	10	6	7	11	4	8	8	5	3	4	14	5	15	6	11	2	13	4	8	3	2	8	7	10	8	3	5	13	7	16	7	7	3	4	10	4	7	4	5	7	14	7	3	11	12	12	4	6	5	4	6	3	6	5	9	3	2	9	17	17	8	11	5	11	9	14	
0.19	5	8	12	5	6	7	2	3	10	7	5	4	8	8	4	6	3	5	4	13	8	10	8	13	5	4	12	10	9	3	4	3	3	6	11	5	9	7	2	7	4	5	10	5	2	6	7	7	3	4	2	6	8	12	6	3	14	19	6	7	4	9	3	4	3	6	5	8	5	3	6	12	4	13	6	16	2	3	12	6	10	8	18	5	3	4	4	11	4	5	4	10	9	12	7	5	8	4	7	10	
0.2	10	5	3	7	8	3	6	11	2	4	4	4	4	10	4	6	15	7	5	12	8	4	11	7	3	10	4	6	6	3	4	5	4	18	18	7	6	3	6	2	4	7	3	21	9	4	3	11	14	13	2	4	5	4	7	5	5	4	2	9	10	4	6	13	6	4	6	6	9	9	6	10	9	3	10	7	5	10	3	19	7	6	4	3	6	8	8	8	10	4	2	7	5	12	7	4	2	5	10	6	
0.21	3	5	4	6	11	4	11	11	12	3	5	10	4	5	14	4	17	12	4	11	4	7	4	4	2	6	9	15	13	3	3	4	4	4	9	15	7	4	9	6	11	6	11	4	6	6	6	5	5	3	9	7	7	6	3	5	4	10	11	4	7	6	4	4	3	3	3	11	6	7	6	7	3	13	7	2	6	4	4	8	4	9	6	7	6	6	10	6	12	8	3	2	7	13	15	10	15	11	7	11	
0.22	6	4	9	6	4	8	4	10	7	4	8	6	13	11	8	7	8	10	4	11	9	10	5	2	3	7	5	2	8	15	5	8	5	10	6	5	3	4	15	21	15	6	8	9	3	4	6	6	6	5	7	6	18	6	4	6	4	3	11	9	5	23	6	12	5	5	6	7	4	4	6	8	2	5	6	4	5	6	28	5	4	10	4	5	4	3	14	6	5	3	7	3	10	2	4	4	6	5	22	5	
0.23	6	5	7	4	4	3	6	11	4	7	4	3	3	6	3	8	2	4	7	6	6	9	5	4	6	4	2	8	3	7	9	4	5	6	9	12	5	4	21	5	10	11	4	6	6	6	9	4	6	9	3	5	6	3	5	4	6	5	6	6	5	4	7	11	6	8	3	3	4	6	11	5	9	10	12	8	3	5	6	4	7	6	6	9	13	8	4	4	4	3	6	6	3	4	4	10	6	6	3	5	
0.24	9	4	9	12	5	12	3	4	5	4	8	12	6	4	9	3	8	14	5	5	8	4	5	5	5	7	3	4	4	13	6	4	3	4	6	5	7	12	3	10	11	5	4	3	4	4	3	7	3	6	3	19	4	14	8	6	3	7	5	5	10	5	8	7	3	15	2	6	3	7	3	14	7	3	6	6	8	4	11	4	2	9	8	11	6	4	5	21	3	3	5	4	10	3	3	2	9	6	5	3	
0.25	7	6	5	9	4	7	7	11	7	7	7	9	3	10	6	7	9	5	4	4	8	4	8	3	10	4	4	4	5	8	3	3	8	9	4	9	3	7	13	4	2	9	5	5	3	9	6	3	15	9	3	6	3	8	10	4	6	6	8	10	7	4	4	10	10	5	12	4	4	2	8	4	4	5	3	3	8	2	5	5	13	4	9	9	7	19	9	15	7	3	6	8	6	8	9	3	3	4	5	4	
0.26	6	7	16	3	5	5	2	5	13	4	4	6	13	3	7	4	10	9	8	7	7	6	9	4	4	6	6	6	3	7	3	5	6	6	8	9	7	7	20	4	6	4	6	3	3	17	4	7	7	5	4	4	3	2	2	4	7	4	13	4	7	3	4	3	7	3	3	4	4	4	10	4	9	10	4	3	13	5	5	6	9	3	9	3	3	3	4	3	5	4	6	5	4	9	4	5	4	8	7	3	
0.27	6	9	4	4	3	3	5	2	4	5	8	4	6	5	6	6	8	3	4	12	5	5	3	5	3	4	10	8	13	3	5	6	4	3	7	10	5	6	4	3	5	8	4	5	4	3	6	3	8	5	4	4	4	2	7	3	6	6	5	4	5	6	11	10	3	4	3	7	10	5	6	11	9	7	12	14	12	3	17	6	10	6	8	7	5	8	6	11	3	4	4	3	5	5	4	9	4	6	4	5	
0.28	4	3	5	6	5	3	3	3	10	7	14	5	4	4	3	13	6	3	3	4	2	3	3	13	3	3	8	4	4	15	4	5	4	3	3	7	5	4	7	5	5	4	9	12	3	6	11	5	4	4	3	6	6	2	4	3	3	9	3	3	10	4	3	2	3	5	7	7	4	5	3	4	4	5	2	3	5	4	7	3	6	3	12	10	7	3	5	2	7	5	3	2	4	3	3	5	3	2	4	2	
0.29	4	4	3	6	3	5	4	8	8	3	7	5	5	9	4	3	4	5	4	3	2	3	5	7	5	3	3	6	6	6	4	4	8	6	3	4	5	8	5	9	4	5	4	3	3	3	2	3	3	2	3	7	3	2	5	5	3	7	10	2	7	3	5	3	5	12	3	3	5	3	2	3	3	11	3	3	4	8	3	6	6	9	6	4	15	3	7	3	6	7	9	4	4	4	2	3	2	13	2	5	
0.3	2	3	5	3	3	5	9	8	5	3	4	4	6	5	6	3	3	4	4	7	3	5	4	4	5	3	8	3	4	7	6	2	6	5	7	10	3	4	2	9	5	4	3	4	3	6	4	6	6	4	5	3	2	8	2	2	3	6	8	5	3	4	8	5	4	2	5	3	3	5	4	2	4	4	9	4	4	4	8	4	2	4	2	5	6	6	3	5	6	4	13	3	3	3	7	2	3	7	11	3	
0.31	7	7	3	3	6	3	3	5	2	3	6	3	5	2	2	6	4	3	4	3	3	4	3	4	3	2	3	4	3	4	22	4	2	3	2	8	6	3	9	3	4	3	2	2	3	6	2	4	6	14	3	2	13	2	3	5	4	3	2	3	3	3	2	4	3	5	4	5	3	2	6	5	4	13	3	5	3	6	3	2	8	10	5	8	2	5	2	4	17	2	3	3	3	2	4	3	3	3	5	2	
0.32	7	5	5	4	2	4	7	2	3	3	3	6	5	3	4	4	4	4	3	7	3	2	3	2	7	3	7	2	3	5	3	4	2	13	4	8	7	5	4	2	6	5	9	3	3	3	2	2	3	6	3	7	4	7	2	5	2	3	3	8	4	2	2	4	3	3	5	2	5	3	4	3	5	4	6	3	5	4	6	4	5	3	3	3	2	2	2	5	2	4	3	6	3	4	3	3	3	2	4	3	
0.33	2	3	3	10	4	3	4	3	2	2	6	4	4	4	3	4	3	4	3	2	4	3	3	2	6	3	4	7	5	3	2	4	2	4	5	4	10	3	2	3	6	2	2	5	3	3	3	4	2	3	4	3	3	3	4	3	6	3	3	5	6	2	6	4	3	5	6	6	9	5	6	6	4	3	8	3	5	8	3	6	2	5	2	2	4	4	3	3	2	8	7	5	4	2	6	6	2	7	4	3	
0.34	2	4	13	5	5	7	5	5	7	3	8	4	4	3	3	2	3	9	4	4	3	5	18	3	4	4	3	4	5	7	2	3	8	4	4	7	5	6	7	5	2	4	6	3	2	2	6	5	6	3	7	5	3	3	7	2	4	3	4	5	7	3	5	2	6	4	2	6	3	6	3	8	4	3	3	4	3	4	8	2	3	5	13	2	4	2	10	3	2	5	2	3	5	4	5	3	4	5	4	4	
0.35	2	3	4	8	4	3	3	4	5	3	4	4	4	3	3	2	8	4	2	3	2	3	4	3	6	8	2	2	4	8	2	3	3	3	3	3	3	2	2	2	6	5	3	3	2	3	4	3	2	4	3	3	3	3	7	22	10	2	2	7	2	3	4	6	2	3	5	3	2	6	4	8	6	4	4	8	3	3	4	2	3	2	4	2	5	3	2	8	8	3	4	8	2	7	5	6	3	4	2	4	
0.36	3	3	2	6	6	6	4	2	3	2	2	4	2	3	2	2	2	3	6	3	3	4	4	2	2	2	2	4	3	3	6	2	4	3	2	3	4	3	2	3	5	3	3	4	3	2	2	3	3	2	6	6	3	5	3	2	4	3	2	2	2	3	2	3	2	5	2	2	2	7	3	4	2	2	6	2	5	4	4	2	3	2	2	2	2	4	3	3	4	6	2	4	4	3	4	4	3	6	2	2	
0.37	3	2	3	5	2	2	3	2	4	4	4	2	4	4	4	7	4	4	2	5	3	4	2	4	4	2	3	2	2	4	2	2	2	4	2	5	4	2	2	2	2	3	2	3	3	2	2	2	2	2	3	2	2	4	2	2	2	2	2	3	2	2	3	2	2	5	3	3	3	2	3	3	4	4	4	3	4	3	2	2	3	2	2	4	2	2	2	4	2	4	3	2	2	3	2	3	2	3	8	2	
0.38	2	2	3	8	6	2	4	3	3	2	6	3	4	2	4	3	2	2	3	2	2	2	7	4	6	2	2	2	4	3	5	2	3	2	3	4	3	2	3	3	2	2	4	2	2	2	2	2	3	7	2	3	2	2	2	2	2	6	4	5	5	5	2	3	3	2	4	2	2	9	3	4	4	3	2	2	5	3	2	2	2	7	3	2	3	3	6	4	2	2	4	2	5	2	7	2	2	2	2	3	
0.39	5	3	2	2	6	2	2	7	2	5	2	2	2	4	6	3	3	2	4	2	2	2	5	2	4	3	2	2	2	2	2	2	2	2	2	2	2	2	4	2	2	2	2	2	2	6	2	8	2	4	4	5	3	2	2	4	3	4	3	2	2	2	2	2	2	2	2	2	2	3	2	2	4	2	3	2	3	3	3	4	6	2	2	6	3	2	2	2	2	2	2	2	5	2	2	4	2	3	4	2	
0.4	6	2	2	2	2	2	2	6	3	4	2	2	2	2	2	2	6	2	5	2	6	2	3	4	2	2	6	4	2	5	2	2	2	5	3	2	2	2	2	2	8	2	2	2	2	2	2	4	5	2	2	2	5	4	6	2	2	2	2	2	2	3	4	2	2	2	2	4	4	2	2	2	5	3	2	2	2	4	2	2	2	2	2	2	4	2	2	2	2	6	2	2	7	2	3	2	2	2	2	2	
0.41	2	2	2	2	3	2	2	2	4	2	2	2	4	2	4	2	4	2	5	2	4	2	2	4	4	2	2	2	2	2	8	2	4	2	2	2	2	4	2	2	2	2	2	2	2	7	2	5	6	2	4	4	2	2	2	2	2	4	5	4	4	2	4	2	2	3	3	2	2	2	6	2	2	2	2	2	2	2	4	8	2	4	3	2	2	2	5	2	5	2	2	2	4	5	2	3	4	2	2	8	
0.42	2	2	3	2	5	2	2	3	2	3	4	4	2	2	2	2	2	2	2	2	4	2	5	4	2	3	2	2	3	2	4	2	2	2	2	2	4	3	2	2	2	2	2	5	2	3	2	2	2	2	2	2	2	2	2	2	7	2	4	4	2	2	2	2	2	6	2	3	2	2	3	4	2	2	2	2	2	2	2	5	2	2	2	2	2	2	2	4	2	5	3	2	2	3	2	2	2	2	4	2	
0.43	2	2	2	2	2	2	6	2	2	2	2	2	2	2	3	2	2	2	2	3	2	5	2	3	2	3	2	2	2	5	2	2	2	2	2	2	4	2	3	2	2	3	2	3	2	2	5	2	2	2	2	2	2	2	2	2	5	4	2	2	2	3	3	2	2	2	2	2	2	2	4	2	2	2	7	2	2	4	2	5	3	2	2	2	2	2	2	2	7	2	2	3	4	2	2	5	2	2	2	2	
0.44	2	2	2	4	3	2	2	2	2	2	2	2	2	2	2	2	2	2	2	3	2	3	2	2	4	4	2	2	2	3	3	2	2	3	2	4	4	2	5	2	6	2	3	2	2	3	2	2	2	2	2	2	2	2	2	5	2	2	2	2	2	2	2	3	2	2	2	2	2	2	2	2	2	2	2	4	5	2	2	2	2	2	2	3	2	2	2	3	2	2	3	2	2	2	2	2	2	2	2	2	
0.45	2	2	2	2	2	2	2	2	2	2	2	2	2	2	2	2	2	2	2	2	2	2	3	2	2	2	2	4	2	2	2	2	2	2	2	2	2	2	2	6	2	2	2	3	2	3	4	2	5	2	2	2	2	4	2	2	2	3	2	2	2	2	2	2	2	2	2	2	2	2	2	2	3	2	2	2	2	2	2	2	2	2	2	2	2	2	3	2	3	2	2	3	2	4	2	2	5	2	2	2	
0.46	2	3	2	2	3	2	2	4	2	2	2	2	2	2	2	4	3	3	3	2	4	2	2	2	2	2	3	2	3	2	2	2	2	2	2	2	2	2	3	2	2	2	2	4	2	2	2	3	2	2	2	2	2	2	2	2	2	2	2	2	2	5	2	3	2	2	2	2	2	2	2	3	4	7	2	2	3	2	2	2	2	2	2	4	2	2	2	2	2	2	2	2	2	2	2	2	2	3	2	2	
0.47	2	2	2	2	2	2	2	2	2	3	2	2	4	2	2	3	3	2	2	3	2	2	3	2	2	2	2	2	2	3	2	2	5	2	2	2	2	5	3	2	4	3	5	2	2	2	4	9	2	5	3	2	2	5	2	2	2	2	2	2	4	2	2	2	2	2	2	2	3	2	2	2	2	2	2	2	3	2	6	4	2	2	2	6	2	2	2	3	4	2	5	2	2	3	3	2	2	4	2	2	
0.48	2	2	2	2	2	4	3	2	3	2	2	2	3	5	2	3	2	4	5	2	3	4	2	2	2	2	2	2	2	2	3	2	2	2	2	2	2	2	2	2	3	2	2	2	4	3	3	3	2	2	2	3	2	2	4	2	2	2	2	2	2	2	2	2	2	2	2	2	2	2	2	2	2	2	2	2	3	2	2	2	2	2	2	2	2	2	2	2	2	3	2	2	2	4	2	2	2	2	4	2	
0.49	2	2	3	4	2	3	2	2	2	2	3	3	2	2	2	2	2	4	2	2	2	2	2	2	2	2	4	4	2	2	2	3	2	5	2	4	2	2	3	2	2	2	2	2	3	4	2	2	2	2	2	2	2	2	2	2	2	2	2	2	2	4	2	2	2	2	3	2	2	3	3	2	2	2	2	2	2	2	4	2	2	4	3	3	2	2	3	2	2	2	2	2	4	2	4	2	2	2	2	2	
0.5	2	2	2	3	2	2	2	3	4	2	3	2	2	2	3	6	2	4	2	2	2	2	2	2	2	2	2	2	2	2	2	2	2	2	2	2	4	2	2	2	2	2	6	2	2	2	2	3	2	2	2	2	10	2	2	2	2	3	2	3	2	2	2	2	2	2	2	3	2	2	2	2	2	2	2	2	2	3	2	2	2	3	4	2	2	3	2	3	2	2	2	3	2	4	2	2	2	2	2	2	
0.51	3	2	5	2	2	2	2	2	2	3	2	2	3	2	2	2	2	2	2	4	2	2	2	2	4	2	2	2	4	5	2	2	3	2	2	2	2	3	2	2	2	2	2	2	2	2	2	2	3	2	2	2	2	2	2	9	2	2	5	2	2	2	6	2	2	2	2	2	2	2	2	2	2	2	6	5	2	2	2	2	3	2	2	5	2	2	2	2	4	2	4	2	2	2	3	2	2	2	2	2	
0.52	4	3	2	3	2	2	3	3	2	2	2	2	2	2	2	2	2	2	2	2	2	2	2	8	2	2	3	2	6	3	3	2	2	2	2	2	2	2	2	2	2	2	2	4	3	4	2	4	4	2	2	2	2	2	4	2	2	2	2	2	2	3	2	2	2	2	2	3	4	2	3	2	2	3	3	4	4	2	2	2	2	2	2	3	2	2	2	2	2	2	2	2	2	2	2	2	2	4	3	4	
0.53	2	3	2	2	3	2	3	2	2	2	3	2	2	2	2	2	2	2	2	2	3	2	2	2	2	4	2	2	4	2	2	2	2	2	4	3	2	2	2	2	3	2	2	2	2	2	2	2	2	3	2	3	2	2	3	2	2	2	2	2	2	2	2	3	2	2	2	2	2	3	2	2	3	2	2	4	2	5	2	2	2	2	3	2	2	2	2	2	2	2	2	2	2	2	2	2	3	2	3	3	
0.54	3	3	3	2	3	2	3	4	2	2	2	4	2	3	3	3	3	2	2	3	2	2	3	2	2	2	2	2	2	2	2	2	2	3	2	2	2	2	2	2	5	2	2	2	2	2	2	2	2	2	3	2	2	2	4	2	2	3	2	6	3	2	3	2	2	3	2	2	2	2	2	3	2	2	2	2	2	2	2	3	2	2	3	2	2	2	2	2	2	2	2	2	3	2	3	2	5	2	2	2	
0.55	2	2	2	2	3	2	3	2	2	2	2	2	2	2	2	2	2	2	3	2	2	3	2	4	2	4	3	5	2	3	2	3	2	2	2	2	2	3	2	4	4	2	3	2	2	3	2	2	2	2	6	2	2	2	3	2	2	2	2	2	2	2	2	2	2	2	3	2	2	2	2	2	2	2	3	2	2	3	2	2	2	2	2	2	2	3	2	3	2	2	2	5	2	3	3	2	2	2	2	5	
0.56	2	3	2	2	3	3	3	3	3	2	2	3	4	2	3	3	3	2	2	2	2	2	3	2	2	2	2	2	2	3	2	3	2	2	2	2	3	2	2	2	2	2	3	4	2	2	2	2	2	2	2	3	2	2	3	2	2	2	2	2	2	2	3	2	2	2	2	3	3	2	2	2	2	2	2	2	2	2	2	2	2	4	2	2	2	2	2	2	2	3	2	2	2	3	2	3	3	3	2	3	
0.57	2	3	2	2	2	4	2	5	2	2	2	2	2	3	2	2	2	3	2	3	2	2	2	3	2	2	2	2	2	2	2	2	3	2	3	2	2	2	3	2	3	2	2	2	2	2	3	2	2	4	3	2	3	2	2	2	2	2	2	2	2	2	2	3	2	2	7	3	2	3	2	2	2	2	2	2	2	2	2	2	4	2	3	2	3	3	3	2	2	2	2	2	2	2	2	3	3	3	3	3	
0.58	2	2	2	2	2	2	2	2	2	2	2	2	2	2	2	2	2	2	2	2	2	2	2	2	2	2	2	2	2	2	2	2	2	2	2	2	2	2	2	2	2	2	2	2	2	2	2	2	2	2	2	2	2	2	2	2	2	2	2	2	2	2	2	2	2	2	2	2	2	2	2	2	2	2	2	2	2	2	2	2	2	2	2	2	2	2	2	2	2	2	2	2	2	2	2	2	2	2	2	2	
0.59	2	2	2	2	2	2	2	2	2	2	2	2	2	2	2	2	2	2	2	2	2	2	2	2	2	2	2	2	2	2	2	2	2	2	2	2	2	2	2	2	2	2	2	2	2	2	2	2	2	2	2	2	2	2	2	2	2	2	2	2	2	2	2	2	2	2	2	2	2	2	2	2	2	2	2	2	2	2	2	2	2	2	2	2	2	2	2	2	2	2	2	2	2	2	2	2	2	2	2	2	
0.6	2	2	2	2	2	2	2	2	2	2	2	2	2	2	2	2	2	2	2	2	2	2	2	2	2	2	2	2	2	2	2	2	2	2	2	2	2	2	2	2	2	2	2	2	2	2	2	2	2	2	2	2	2	2	2	2	2	2	2	2	2	2	2	2	2	2	2	2	2	2	2	2	2	2	2	2	2	2	2	2	2	2	2	2	2	2	2	2	2	2	2	2	2	2	2	2	2	2	2	2	
0.61	2	2	2	2	2	2	2	2	2	2	2	2	2	2	2	2	2	2	2	2	2	2	2	2	2	2	2	2	2	2	2	2	2	2	2	2	2	2	2	2	2	2	2	2	2	2	2	2	2	2	2	2	2	2	2	2	2	2	2	2	2	2	2	2	2	2	2	2	2	2	2	2	2	2	2	2	2	2	2	2	2	2	2	2	2	2	2	2	2	2	2	2	2	2	2	2	2	2	2	2	
0.62	2	2	2	2	2	2	2	2	2	2	2	2	2	2	2	2	2	2	2	2	2	2	2	2	2	2	2	2	2	2	2	2	2	2	2	2	2	2	2	2	2	2	2	2	2	2	2	2	2	2	2	2	2	2	2	2	2	2	2	2	2	2	2	2	2	2	2	2	2	2	2	2	2	2	2	2	2	2	2	2	2	2	2	2	2	2	2	2	2	2	2	2	2	2	2	2	2	2	2	2	
0.63	2	2	2	2	2	2	2	2	2	2	2	2	2	2	2	2	2	2	2	2	2	2	2	2	2	2	2	2	2	2	2	2	2	2	2	2	2	2	2	2	2	2	2	2	2	2	2	2	2	2	2	2	2	2	2	2	2	2	2	2	2	2	2	2	2	2	2	2	2	2	2	2	2	2	2	2	2	2	2	2	2	2	2	2	2	2	2	2	2	2	2	2	2	2	2	2	2	2	2	2	
0.64	2	2	2	2	2	2	2	2	2	2	2	2	2	2	2	2	2	2	2	2	2	2	2	2	2	2	2	2	2	2	2	2	2	2	2	2	2	2	2	2	2	2	2	2	2	2	2	2	2	2	2	2	2	2	2	2	2	2	2	2	2	2	2	2	2	2	2	2	2	2	2	2	2	2	2	2	2	2	2	2	2	2	2	2	2	2	2	2	2	2	2	2	2	2	2	2	2	2	2	2	
0.65	2	2	2	2	2	2	2	2	2	2	2	2	2	2	2	2	2	2	2	2	2	2	2	2	2	2	2	2	2	2	2	2	2	2	2	2	2	2	2	2	2	2	2	2	2	2	2	2	2	2	2	2	2	2	2	2	2	2	2	2	2	2	2	2	2	2	2	2	2	2	2	2	2	2	2	2	2	2	2	2	2	2	2	2	2	2	2	2	2	2	2	2	2	2	2	2	2	2	2	2	
0.66	2	2	2	2	2	2	2	2	2	2	2	2	2	2	2	2	2	2	2	2	2	2	2	2	2	2	2	2	2	2	2	2	2	2	2	2	2	2	2	2	2	2	2	2	2	2	2	2	2	2	2	2	2	2	2	2	2	2	2	2	2	2	2	2	2	2	2	2	2	2	2	2	2	2	2	2	2	2	2	2	2	2	2	2	2	2	2	2	2	2	2	2	2	2	2	2	2	2	2	2	
0.67	2	2	2	2	2	2	2	2	2	2	2	2	2	2	2	2	2	2	2	2	2	2	2	2	2	2	2	2	2	2	2	2	2	2	2	2	2	2	2	2	2	2	2	2	2	2	2	2	2	2	2	2	2	2	2	2	2	2	2	2	2	2	2	2	2	2	2	2	2	2	2	2	2	2	2	2	2	2	2	2	2	2	2	2	2	2	2	2	2	2	2	2	2	2	2	2	2	2	2	2	
0.68	2	2	2	2	2	2	2	2	2	2	2	2	2	2	2	2	2	2	2	2	2	2	2	2	2	2	2	2	2	2	2	2	2	2	2	2	2	2	2	2	2	2	2	2	2	2	2	2	2	2	2	2	2	2	2	2	2	2	2	2	2	2	2	2	2	2	2	2	2	2	2	2	2	2	2	2	2	2	2	2	2	2	2	2	2	2	2	2	2	2	2	2	2	2	2	2	2	2	2	2	
0.69	2	2	2	2	2	2	2	2	2	2	2	2	2	2	2	2	2	2	2	2	2	2	2	2	2	2	2	2	2	2	2	2	2	2	2	2	2	2	2	2	2	2	2	2	2	2	2	2	2	2	2	2	2	2	2	2	2	2	2	2	2	2	2	2	2	2	2	2	2	2	2	2	2	2	2	2	2	2	2	2	2	2	2	2	2	2	2	2	2	2	2	2	2	2	2	2	2	2	2	2	
0.7	2	2	2	2	2	2	2	2	2	2	2	2	2	2	2	2	2	2	2	2	2	2	2	2	2	2	2	2	2	2	2	2	2	2	2	2	2	2	2	2	2	2	2	2	2	2	2	2	2	2	2	2	2	2	2	2	2	2	2	2	2	2	2	2	2	2	2	2	2	2	2	2	2	2	2	2	2	2	2	2	2	2	2	2	2	2	2	2	2	2	2	2	2	2	2	2	2	2	2	2	
0.71	2	2	2	2	2	2	2	2	2	2	2	2	2	2	2	2	2	2	2	2	2	2	2	2	2	2	2	2	2	2	2	2	2	2	2	2	2	2	2	2	2	2	2	2	2	2	2	2	2	2	2	2	2	2	2	2	2	2	2	2	2	2	2	2	2	2	2	2	2	2	2	2	2	2	2	2	2	2	2	2	2	2	2	2	2	2	2	2	2	2	2	2	2	2	2	2	2	2	2	2	
0.72	2	2	2	2	2	2	2	2	2	2	2	2	2	2	2	2	2	2	2	2	2	2	2	2	2	2	2	2	2	2	2	2	2	2	2	2	2	2	2	2	2	2	2	2	2	2	2	2	2	2	2	2	2	2	2	2	2	2	2	2	2	2	2	2	2	2	2	2	2	2	2	2	2	2	2	2	2	2	2	2	2	2	2	2	2	2	2	2	2	2	2	2	2	2	2	2	2	2	2	2	
0.73	2	2	2	2	2	2	2	2	2	2	2	2	2	2	2	2	2	2	2	2	2	2	2	2	2	2	2	2	2	2	2	2	2	2	2	2	2	2	2	2	2	2	2	2	2	2	2	2	2	2	2	2	2	2	2	2	2	2	2	2	2	2	2	2	2	2	2	2	2	2	2	2	2	2	2	2	2	2	2	2	2	2	2	2	2	2	2	2	2	2	2	2	2	2	2	2	2	2	2	2	
0.74	2	2	2	2	2	2	2	2	2	2	2	2	2	2	2	2	2	2	2	2	2	2	2	2	2	2	2	2	2	2	2	2	2	2	2	2	2	2	2	2	2	2	2	2	2	2	2	2	2	2	2	2	2	2	2	2	2	2	2	2	2	2	2	2	2	2	2	2	2	2	2	2	2	2	2	2	2	2	2	2	2	2	2	2	2	2	2	2	2	2	2	2	2	2	2	2	2	2	2	2	
0.75	2	2	2	2	2	2	2	2	2	2	2	2	2	2	2	2	2	2	2	2	2	2	2	2	2	2	2	2	2	2	2	2	2	2	2	2	2	2	2	2	2	2	2	2	2	2	2	2	2	2	2	2	2	2	2	2	2	2	2	2	2	2	2	2	2	2	2	2	2	2	2	2	2	2	2	2	2	2	2	2	2	2	2	2	2	2	2	2	2	2	2	2	2	2	2	2	2	2	2	2	
0.76	2	2	2	2	2	2	2	2	2	2	2	2	2	2	2	2	2	2	2	2	2	2	2	2	2	2	2	2	2	2	2	2	2	2	2	2	2	2	2	2	2	2	2	2	2	2	2	2	2	2	2	2	2	2	2	2	2	2	2	2	2	2	2	2	2	2	2	2	2	2	2	2	2	2	2	2	2	2	2	2	2	2	2	2	2	2	2	2	2	2	2	2	2	2	2	2	2	2	2	2	
0.77	2	2	2	2	2	2	2	2	2	2	2	2	2	2	2	2	2	2	2	2	2	2	2	2	2	2	2	2	2	2	2	2	2	2	2	2	2	2	2	2	2	2	2	2	2	2	2	2	2	2	2	2	2	2	2	2	2	2	2	2	2	2	2	2	2	2	2	2	2	2	2	2	2	2	2	2	2	2	2	2	2	2	2	2	2	2	2	2	2	2	2	2	2	2	2	2	2	2	2	2	
0.78	2	2	2	2	2	2	2	2	2	2	2	2	2	2	2	2	2	2	2	2	2	2	2	2	2	2	2	2	2	2	2	2	2	2	2	2	2	2	2	2	2	2	2	2	2	2	2	2	2	2	2	2	2	2	2	2	2	2	2	2	2	2	2	2	2	2	2	2	2	2	2	2	2	2	2	2	2	2	2	2	2	2	2	2	2	2	2	2	2	2	2	2	2	2	2	2	2	2	2	2	
0.79	2	2	2	2	2	2	2	2	2	2	2	2	2	2	2	2	2	2	2	2	2	2	2	2	2	2	2	2	2	2	2	2	2	2	2	2	2	2	2	2	2	2	2	2	2	2	2	2	2	2	2	2	2	2	2	2	2	2	2	2	2	2	2	2	2	2	2	2	2	2	2	2	2	2	2	2	2	2	2	2	2	2	2	2	2	2	2	2	2	2	2	2	2	2	2	2	2	2	2	2	
0.8	2	2	2	2	2	2	2	2	2	2	2	2	2	2	2	2	2	2	2	2	2	2	2	2	2	2	2	2	2	2	2	2	2	2	2	2	2	2	2	2	2	2	2	2	2	2	2	2	2	2	2	2	2	2	2	2	2	2	2	2	2	2	2	2	2	2	2	2	2	2	2	2	2	2	2	2	2	2	2	2	2	2	2	2	2	2	2	2	2	2	2	2	2	2	2	2	2	2	2	2	
0.81	0	0	0	0	0	0	0	0	0	0	0	0	0	0	0	0	0	0	0	0	0	0	0	0	0	0	0	0	0	0	0	0	0	0	0	0	0	0	0	0	0	0	0	0	0	0	0	0	0	0	0	0	0	0	0	0	0	0	0	0	0	0	0	0	0	0	0	0	0	0	0	0	0	0	0	0	0	0	0	0	0	0	0	0	0	0	0	0	0	0	0	0	0	0	0	0	0	0	0	0	
0.82	0	0	0	0	0	0	0	0	0	0	0	0	0	0	0	0	0	0	0	0	0	0	0	0	0	0	0	0	0	0	0	0	0	0	0	0	0	0	0	0	0	0	0	0	0	0	0	0	0	0	0	0	0	0	0	0	0	0	0	0	0	0	0	0	0	0	0	0	0	0	0	0	0	0	0	0	0	0	0	0	0	0	0	0	0	0	0	0	0	0	0	0	0	0	0	0	0	0	0	0	
0.83	0	0	0	0	0	0	0	0	0	0	0	0	0	0	0	0	0	0	0	0	0	0	0	0	0	0	0	0	0	0	0	0	0	0	0	0	0	0	0	0	0	0	0	0	0	0	0	0	0	0	0	0	0	0	0	0	0	0	0	0	0	0	0	0	0	0	0	0	0	0	0	0	0	0	0	0	0	0	0	0	0	0	0	0	0	0	0	0	0	0	0	0	0	0	0	0	0	0	0	0	
0.84	0	0	0	0	0	0	0	0	0	0	0	0	0	0	0	0	0	0	0	0	0	0	0	0	0	0	0	0	0	0	0	0	0	0	0	0	0	0	0	0	0	0	0	0	0	0	0	0	0	0	0	0	0	0	0	0	0	0	0	0	0	0	0	0	0	0	0	0	0	0	0	0	0	0	0	0	0	0	0	0	0	0	0	0	0	0	0	0	0	0	0	0	0	0	0	0	0	0	0	0	
0.85	0	0	0	0	0	0	0	0	0	0	0	0	0	0	0	0	0	0	0	0	0	0	0	0	0	0	0	0	0	0	0	0	0	0	0	0	0	0	0	0	0	0	0	0	0	0	0	0	0	0	0	0	0	0	0	0	0	0	0	0	0	0	0	0	0	0	0	0	0	0	0	0	0	0	0	0	0	0	0	0	0	0	0	0	0	0	0	0	0	0	0	0	0	0	0	0	0	0	0	0	
0.86	0	0	0	0	0	0	0	0	0	0	0	0	0	0	0	0	0	0	0	0	0	0	0	0	0	0	0	0	0	0	0	0	0	0	0	0	0	0	0	0	0	0	0	0	0	0	0	0	0	0	0	0	0	0	0	0	0	0	0	0	0	0	0	0	0	0	0	0	0	0	0	0	0	0	0	0	0	0	0	0	0	0	0	0	0	0	0	0	0	0	0	0	0	0	0	0	0	0	0	0	
0.87	0	0	0	0	0	0	0	0	0	0	0	0	0	0	0	0	0	0	0	0	0	0	0	0	0	0	0	0	0	0	0	0	0	0	0	0	0	0	0	0	0	0	0	0	0	0	0	0	0	0	0	0	0	0	0	0	0	0	0	0	0	0	0	0	0	0	0	0	0	0	0	0	0	0	0	0	0	0	0	0	0	0	0	0	0	0	0	0	0	0	0	0	0	0	0	0	0	0	0	0	
0.88	0	0	0	0	0	0	0	0	0	0	0	0	0	0	0	0	0	0	0	0	0	0	0	0	0	0	0	0	0	0	0	0	0	0	0	0	0	0	0	0	0	0	0	0	0	0	0	0	0	0	0	0	0	0	0	0	0	0	0	0	0	0	0	0	0	0	0	0	0	0	0	0	0	0	0	0	0	0	0	0	0	0	0	0	0	0	0	0	0	0	0	0	0	0	0	0	0	0	0	0	
0.89	0	0	0	0	0	0	0	0	0	0	0	0	0	0	0	0	0	0	0	0	0	0	0	0	0	0	0	0	0	0	0	0	0	0	0	0	0	0	0	0	0	0	0	0	0	0	0	0	0	0	0	0	0	0	0	0	0	0	0	0	0	0	0	0	0	0	0	0	0	0	0	0	0	0	0	0	0	0	0	0	0	0	0	0	0	0	0	0	0	0	0	0	0	0	0	0	0	0	0	0	
0.9	0	0	0	0	0	0	0	0	0	0	0	0	0	0	0	0	0	0	0	0	0	0	0	0	0	0	0	0	0	0	0	0	0	0	0	0	0	0	0	0	0	0	0	0	0	0	0	0	0	0	0	0	0	0	0	0	0	0	0	0	0	0	0	0	0	0	0	0	0	0	0	0	0	0	0	0	0	0	0	0	0	0	0	0	0	0	0	0	0	0	0	0	0	0	0	0	0	0	0	0	
0.91	0	0	0	0	0	0	0	0	0	0	0	0	0	0	0	0	0	0	0	0	0	0	0	0	0	0	0	0	0	0	0	0	0	0	0	0	0	0	0	0	0	0	0	0	0	0	0	0	0	0	0	0	0	0	0	0	0	0	0	0	0	0	0	0	0	0	0	0	0	0	0	0	0	0	0	0	0	0	0	0	0	0	0	0	0	0	0	0	0	0	0	0	0	0	0	0	0	0	0	0	
0.92	0	0	0	0	0	0	0	0	0	0	0	0	0	0	0	0	0	0	0	0	0	0	0	0	0	0	0	0	0	0	0	0	0	0	0	0	0	0	0	0	0	0	0	0	0	0	0	0	0	0	0	0	0	0	0	0	0	0	0	0	0	0	0	0	0	0	0	0	0	0	0	0	0	0	0	0	0	0	0	0	0	0	0	0	0	0	0	0	0	0	0	0	0	0	0	0	0	0	0	0	
0.93	0	0	0	0	0	0	0	0	0	0	0	0	0	0	0	0	0	0	0	0	0	0	0	0	0	0	0	0	0	0	0	0	0	0	0	0	0	0	0	0	0	0	0	0	0	0	0	0	0	0	0	0	0	0	0	0	0	0	0	0	0	0	0	0	0	0	0	0	0	0	0	0	0	0	0	0	0	0	0	0	0	0	0	0	0	0	0	0	0	0	0	0	0	0	0	0	0	0	0	0	
0.94	0	0	0	0	0	0	0	0	0	0	0	0	0	0	0	0	0	0	0	0	0	0	0	0	0	0	0	0	0	0	0	0	0	0	0	0	0	0	0	0	0	0	0	0	0	0	0	0	0	0	0	0	0	0	0	0	0	0	0	0	0	0	0	0	0	0	0	0	0	0	0	0	0	0	0	0	0	0	0	0	0	0	0	0	0	0	0	0	0	0	0	0	0	0	0	0	0	0	0	0	
0.95	0	0	0	0	0	0	0	0	0	0	0	0	0	0	0	0	0	0	0	0	0	0	0	0	0	0	0	0	0	0	0	0	0	0	0	0	0	0	0	0	0	0	0	0	0	0	0	0	0	0	0	0	0	0	0	0	0	0	0	0	0	0	0	0	0	0	0	0	0	0	0	0	0	0	0	0	0	0	0	0	0	0	0	0	0	0	0	0	0	0	0	0	0	0	0	0	0	0	0	0	
0.96	0	0	0	0	0	0	0	0	0	0	0	0	0	0	0	0	0	0	0	0	0	0	0	0	0	0	0	0	0	0	0	0	0	0	0	0	0	0	0	0	0	0	0	0	0	0	0	0	0	0	0	0	0	0	0	0	0	0	0	0	0	0	0	0	0	0	0	0	0	0	0	0	0	0	0	0	0	0	0	0	0	0	0	0	0	0	0	0	0	0	0	0	0	0	0	0	0	0	0	0	
0.97	0	0	0	0	0	0	0	0	0	0	0	0	0	0	0	0	0	0	0	0	0	0	0	0	0	0	0	0	0	0	0	0	0	0	0	0	0	0	0	0	0	0	0	0	0	0	0	0	0	0	0	0	0	0	0	0	0	0	0	0	0	0	0	0	0	0	0	0	0	0	0	0	0	0	0	0	0	0	0	0	0	0	0	0	0	0	0	0	0	0	0	0	0	0	0	0	0	0	0	0	
0.98	0	0	0	0	0	0	0	0	0	0	0	0	0	0	0	0	0	0	0	0	0	0	0	0	0	0	0	0	0	0	0	0	0	0	0	0	0	0	0	0	0	0	0	0	0	0	0	0	0	0	0	0	0	0	0	0	0	0	0	0	0	0	0	0	0	0	0	0	0	0	0	0	0	0	0	0	0	0	0	0	0	0	0	0	0	0	0	0	0	0	0	0	0	0	0	0	0	0	0	0	
0.99	0	0	0	0	0	0	0	0	0	0	0	0	0	0	0	0	0	0	0	0	0	0	0	0	0	0	0	0	0	0	0	0	0	0	0	0	0	0	0	0	0	0	0	0	0	0	0	0	0	0	0	0	0	0	0	0	0	0	0	0	0	0	0	0	0	0	0	0	0	0	0	0	0	0	0	0	0	0	0	0	0	0	0	0	0	0	0	0	0	0	0	0	0	0	0	0	0	0	0	0	
